K11 = 1108.5675054477492000
K12 = 0.0000000000000000
K13 = 799.5000000000000000
K21 = 0.0000000000000000
K22 = 1109.8736000207180000
K23 = 599.5000000000000000
K31 = 0.0000000000000000
K32 = 0.0000000000000000
K33 = 1.0000000000000000

kc1 = -0.1041240832995719
kc2 = 0.0000000000000000
kc3 = 0.0000000000000000
kc4 = 0.0000000000000000
