C1 = 2.568714e+00
C2 = 2.743198e+00
C3 = -1.171842e-01

P11 = 5.497348e-06
P12 = 3.876699e-04
P13 = -8.122030e-01
P21 = -7.253793e-06
P22 = -5.163962e-04
P23 = -1.078764e-01
P31 = -6.457232e-04
P32 = 9.398491e-06
P33 = 5.159732e-01
