C1 = 2.589643e+00
C2 = 2.769914e+00
C3 = 2.186999e+00

P11 = 4.483839e-04
P12 = 2.530507e-04
P13 = -9.427944e-01
P21 = 1.305979e-05
P22 = -5.466062e-04
P23 = -6.071855e-02
P31 = -4.627626e-04
P32 = 2.290091e-04
P33 = -1.918780e-01
