C1 = -2.644504e+00
C2 = 2.754214e+00
C3 = 2.119877e+00

P11 = 4.073928e-04
P12 = -2.950239e-04
P13 = 2.981186e-01
P21 = -4.191774e-05
P22 = -5.424903e-04
P23 = -3.288177e-02
P31 = 5.013304e-04
P32 = 1.951371e-04
P33 = -9.139205e-01
