C1 = -2.601348e+00
C2 = 2.754214e+00
C3 = -2.090756e+00

P11 = -4.349714e-04
P12 = -2.474852e-04
P13 = 9.427366e-01
P21 = -8.857849e-06
P22 = -5.464262e-04
P23 = -4.006916e-02
P31 = 4.752330e-04
P32 = -2.368771e-04
P33 = 1.743238e-01
