K11 = 1116.1017406825129000
K12 = 0.0000000000000000
K13 = 799.5000000000000000
K21 = 0.0000000000000000
K22 = 1115.2569676498333000
K23 = 599.5000000000000000
K31 = 0.0000000000000000
K32 = 0.0000000000000000
K33 = 1.0000000000000000

kc1 = -0.1023589768827431
kc2 = 0.0000000000000000
kc3 = 0.0000000000000000
kc4 = 0.0000000000000000
