C1 = 5.538728e-02
C2 = 2.747438e+00
C3 = 2.122703e+00

P11 = 6.476970e-04
P12 = -4.967114e-06
P13 = -5.590725e-01
P21 = -2.452150e-05
P22 = -4.929961e-04
P23 = -1.460512e-01
P31 = -2.147771e-05
P32 = 4.210290e-04
P33 = -7.793264e-01
