K11 = 1111.0891608773807000
K12 = 0.0000000000000000
K13 = 799.5000000000000000
K21 = 0.0000000000000000
K22 = 1109.5029285201724000
K23 = 599.5000000000000000
K31 = 0.0000000000000000
K32 = 0.0000000000000000
K33 = 1.0000000000000000

kc1 = -0.0800750853410562
kc2 = 0.0000000000000000
kc3 = 0.0000000000000000
kc4 = 0.0000000000000000
