C1 = 2.619518e+00
C2 = 2.754214e+00
C3 = -2.090756e+00

P11 = -4.068475e-04
P12 = 2.603491e-04
P13 = -2.968744e-01
P21 = 1.014002e-05
P22 = -5.382105e-04
P23 = -6.981590e-02
P31 = -4.935005e-04
P32 = -2.257410e-04
P33 = 9.106690e-01
