K11 = 1098.1318632350424000
K12 = 0.0000000000000000
K13 = 799.5000000000000000
K21 = 0.0000000000000000
K22 = 1096.6992576447219000
K23 = 599.5000000000000000
K31 = 0.0000000000000000
K32 = 0.0000000000000000
K33 = 1.0000000000000000

kc1 = -0.1126853274007478
kc2 = 0.0000000000000000
kc3 = 0.0000000000000000
kc4 = 0.0000000000000000
