C1 = -3.498840e-03
C2 = 2.734168e+00
C3 = -2.047024e+00

P11 = -6.463599e-04
P12 = 6.096200e-06
P13 = 5.168915e-01
P21 = -1.030140e-05
P22 = -4.786842e-04
P23 = -1.791548e-01
P31 = 1.906627e-06
P32 = -4.348215e-04
P33 = 7.931428e-01
