C1 = -2.583911e+00
C2 = 2.742641e+00
C3 = -8.385765e-02

P11 = 1.817145e-06
P12 = -3.681851e-04
P13 = 8.043244e-01
P21 = -2.839603e-05
P22 = -5.340104e-04
P23 = -6.627247e-02
P31 = 6.483138e-04
P32 = -2.221592e-05
P33 = -5.249665e-01
