K11 = 1096.2286438150597000
K12 = 0.0000000000000000
K13 = 799.5000000000000000
K21 = 0.0000000000000000
K22 = 1095.8578839506065000
K23 = 599.5000000000000000
K31 = 0.0000000000000000
K32 = 0.0000000000000000
K33 = 1.0000000000000000

kc1 = -0.1001868108466405
kc2 = 0.0000000000000000
kc3 = 0.0000000000000000
kc4 = 0.0000000000000000
